/*--------------------------------*- C++ -*----------------------------------*\
| =========                 |                                                 |
| \\      /  F ield         | OpenFOAM: The Open Source CFD Toolbox           |
|  \\    /   O peration     | Version:  3.0.1                                 |
|   \\  /    A nd           | Web:      www.OpenFOAM.org                      |
|    \\/     M anipulation  |                                                 |
\*---------------------------------------------------------------------------*/
FoamFile
{
    version     2.0;
    format      ascii;
    class       faceList;
    location    "constant/polyMesh";
    object      faces;
}
// * * * * * * * * * * * * * * * * * * * * * * * * * * * * * * * * * * * * * //


240
(
4(1 6 31 26)
4(5 30 31 6)
4(25 26 31 30)
4(2 7 32 27)
4(6 31 32 7)
4(26 27 32 31)
4(3 8 33 28)
4(7 32 33 8)
4(27 28 33 32)
4(8 33 34 9)
4(28 29 34 33)
4(6 11 36 31)
4(10 35 36 11)
4(30 31 36 35)
4(7 12 37 32)
4(11 36 37 12)
4(31 32 37 36)
4(8 13 38 33)
4(12 37 38 13)
4(32 33 38 37)
4(13 38 39 14)
4(33 34 39 38)
4(11 16 41 36)
4(15 40 41 16)
4(35 36 41 40)
4(12 17 42 37)
4(16 41 42 17)
4(36 37 42 41)
4(13 18 43 38)
4(17 42 43 18)
4(37 38 43 42)
4(18 43 44 19)
4(38 39 44 43)
4(16 21 46 41)
4(40 41 46 45)
4(17 22 47 42)
4(41 42 47 46)
4(18 23 48 43)
4(42 43 48 47)
4(43 44 49 48)
4(26 31 56 51)
4(30 55 56 31)
4(50 51 56 55)
4(27 32 57 52)
4(31 56 57 32)
4(51 52 57 56)
4(28 33 58 53)
4(32 57 58 33)
4(52 53 58 57)
4(33 58 59 34)
4(53 54 59 58)
4(31 36 61 56)
4(35 60 61 36)
4(55 56 61 60)
4(32 37 62 57)
4(36 61 62 37)
4(56 57 62 61)
4(33 38 63 58)
4(37 62 63 38)
4(57 58 63 62)
4(38 63 64 39)
4(58 59 64 63)
4(36 41 66 61)
4(40 65 66 41)
4(60 61 66 65)
4(37 42 67 62)
4(41 66 67 42)
4(61 62 67 66)
4(38 43 68 63)
4(42 67 68 43)
4(62 63 68 67)
4(43 68 69 44)
4(63 64 69 68)
4(41 46 71 66)
4(65 66 71 70)
4(42 47 72 67)
4(66 67 72 71)
4(43 48 73 68)
4(67 68 73 72)
4(68 69 74 73)
4(51 56 81 76)
4(55 80 81 56)
4(75 76 81 80)
4(52 57 82 77)
4(56 81 82 57)
4(76 77 82 81)
4(53 58 83 78)
4(57 82 83 58)
4(77 78 83 82)
4(58 83 84 59)
4(78 79 84 83)
4(56 61 86 81)
4(60 85 86 61)
4(80 81 86 85)
4(57 62 87 82)
4(61 86 87 62)
4(81 82 87 86)
4(58 63 88 83)
4(62 87 88 63)
4(82 83 88 87)
4(63 88 89 64)
4(83 84 89 88)
4(61 66 91 86)
4(65 90 91 66)
4(85 86 91 90)
4(62 67 92 87)
4(66 91 92 67)
4(86 87 92 91)
4(63 68 93 88)
4(67 92 93 68)
4(87 88 93 92)
4(68 93 94 69)
4(88 89 94 93)
4(66 71 96 91)
4(90 91 96 95)
4(67 72 97 92)
4(91 92 97 96)
4(68 73 98 93)
4(92 93 98 97)
4(93 94 99 98)
4(76 81 106 101)
4(80 105 106 81)
4(77 82 107 102)
4(81 106 107 82)
4(78 83 108 103)
4(82 107 108 83)
4(83 108 109 84)
4(81 86 111 106)
4(85 110 111 86)
4(82 87 112 107)
4(86 111 112 87)
4(83 88 113 108)
4(87 112 113 88)
4(88 113 114 89)
4(86 91 116 111)
4(90 115 116 91)
4(87 92 117 112)
4(91 116 117 92)
4(88 93 118 113)
4(92 117 118 93)
4(93 118 119 94)
4(91 96 121 116)
4(92 97 122 117)
4(93 98 123 118)
4(0 25 30 5)
4(5 30 35 10)
4(10 35 40 15)
4(15 40 45 20)
4(25 50 55 30)
4(30 55 60 35)
4(35 60 65 40)
4(40 65 70 45)
4(50 75 80 55)
4(55 80 85 60)
4(60 85 90 65)
4(65 90 95 70)
4(75 100 105 80)
4(80 105 110 85)
4(85 110 115 90)
4(90 115 120 95)
4(4 9 34 29)
4(9 14 39 34)
4(14 19 44 39)
4(19 24 49 44)
4(29 34 59 54)
4(34 39 64 59)
4(39 44 69 64)
4(44 49 74 69)
4(54 59 84 79)
4(59 64 89 84)
4(64 69 94 89)
4(69 74 99 94)
4(79 84 109 104)
4(84 89 114 109)
4(89 94 119 114)
4(94 99 124 119)
4(0 1 26 25)
4(25 26 51 50)
4(50 51 76 75)
4(75 76 101 100)
4(1 2 27 26)
4(26 27 52 51)
4(51 52 77 76)
4(76 77 102 101)
4(2 3 28 27)
4(27 28 53 52)
4(52 53 78 77)
4(77 78 103 102)
4(3 4 29 28)
4(28 29 54 53)
4(53 54 79 78)
4(78 79 104 103)
4(20 45 46 21)
4(45 70 71 46)
4(70 95 96 71)
4(95 120 121 96)
4(21 46 47 22)
4(46 71 72 47)
4(71 96 97 72)
4(96 121 122 97)
4(22 47 48 23)
4(47 72 73 48)
4(72 97 98 73)
4(97 122 123 98)
4(23 48 49 24)
4(48 73 74 49)
4(73 98 99 74)
4(98 123 124 99)
4(0 5 6 1)
4(5 10 11 6)
4(10 15 16 11)
4(15 20 21 16)
4(1 6 7 2)
4(6 11 12 7)
4(11 16 17 12)
4(16 21 22 17)
4(2 7 8 3)
4(7 12 13 8)
4(12 17 18 13)
4(17 22 23 18)
4(3 8 9 4)
4(8 13 14 9)
4(13 18 19 14)
4(18 23 24 19)
4(100 101 106 105)
4(105 106 111 110)
4(110 111 116 115)
4(115 116 121 120)
4(101 102 107 106)
4(106 107 112 111)
4(111 112 117 116)
4(116 117 122 121)
4(102 103 108 107)
4(107 108 113 112)
4(112 113 118 117)
4(117 118 123 122)
4(103 104 109 108)
4(108 109 114 113)
4(113 114 119 118)
4(118 119 124 123)
)


// ************************************************************************* //
