/*--------------------------------*- C++ -*----------------------------------*\
| =========                 |                                                 |
| \\      /  F ield         | OpenFOAM: The Open Source CFD Toolbox           |
|  \\    /   O peration     | Version:  3.0.1                                 |
|   \\  /    A nd           | Web:      www.OpenFOAM.org                      |
|    \\/     M anipulation  |                                                 |
\*---------------------------------------------------------------------------*/
FoamFile
{
    version     2.0;
    format      ascii;
    class       labelList;
    note        "nPoints: 125 nCells: 64 nFaces: 240 nInternalFaces: 144";
    location    "constant/polyMesh";
    object      owner;
}
// * * * * * * * * * * * * * * * * * * * * * * * * * * * * * * * * * * * * * //


240
(
0
0
0
1
1
1
2
2
2
3
3
4
4
4
5
5
5
6
6
6
7
7
8
8
8
9
9
9
10
10
10
11
11
12
12
13
13
14
14
15
16
16
16
17
17
17
18
18
18
19
19
20
20
20
21
21
21
22
22
22
23
23
24
24
24
25
25
25
26
26
26
27
27
28
28
29
29
30
30
31
32
32
32
33
33
33
34
34
34
35
35
36
36
36
37
37
37
38
38
38
39
39
40
40
40
41
41
41
42
42
42
43
43
44
44
45
45
46
46
47
48
48
49
49
50
50
51
52
52
53
53
54
54
55
56
56
57
57
58
58
59
60
61
62
0
4
8
12
16
20
24
28
32
36
40
44
48
52
56
60
3
7
11
15
19
23
27
31
35
39
43
47
51
55
59
63
0
16
32
48
1
17
33
49
2
18
34
50
3
19
35
51
12
28
44
60
13
29
45
61
14
30
46
62
15
31
47
63
0
4
8
12
1
5
9
13
2
6
10
14
3
7
11
15
48
52
56
60
49
53
57
61
50
54
58
62
51
55
59
63
)


// ************************************************************************* //
